0 0.891566 0.356178 0.055027 0.104673
0 0.739148 0.133931 0.059890 0.122634
0 0.895007 0.598010 0.061909 0.125604
0 0.888894 0.828822 0.060371 0.122277
0 0.578503 0.107238 0.064973 0.121089
0 0.732988 0.841455 0.061909 0.125683
0 0.739485 0.594149 0.061140 0.111267
0 0.577081 0.609554 0.060371 0.115743
0 0.576696 0.852505 0.056552 0.112376
0 0.415817 0.845901 0.057321 0.114574
0 0.253798 0.846455 0.057321 0.126693
0 0.265254 0.593574 0.052734 0.119030
0 0.418874 0.595802 0.054258 0.130020
0 0.095982 0.609554 0.073365 0.100297
0 0.095213 0.852495 0.062679 0.121228
0 0.093462 0.366762 0.057473 0.118475
0 0.257534 0.353990 0.054739 0.118554
0 0.422411 0.357812 0.053942 0.123663
0 0.569609 0.352703 0.054876 0.105802
0 0.734114 0.355871 0.053063 0.099465
0 0.094430 0.111782 0.057486 0.113465
0 0.266779 0.131495 0.050398 0.109723
0 0.419801 0.124545 0.066415 0.110871
0 0.894718 0.127347 0.060508 0.147327
